164 54 15 4
74 34 13 4
19 9 26 8 4 63 46 165 17 64 4
19 4
19 9 26 8 4
31 9 166 15 4 20 5 75 105 8 4
19 9 26 8 36
65 9 19 4 28 5 20 6 167 8 4
47 54 15 4
19 9 26 8 4
31 9 76 5 168 8 4
65 169 170 8 4
77 106 9 107
47 54 15 4
19 9 48 17 108 32 16 15 12 4
31 9 49 20 5 171 10 109 15 4
19 9 172 15 4
31 4 35 5 173 5 32 78 25 4 110 10 32 15 4
19 4 49 111 174 8 112 4
113 17 175 8 11 7
74 34 13 4 176 114 14 79 15 4
47 54 15 4 77 18 177 14 79 15 4 115 114 8 21 4
31 9 49 178 18 75 17 179 10 180 16 37 24 4
29 181 12 4
19 4 80 14 29 116 81 24 4
182 46 22 8 11 7
80 14 183 10 184 16 9 48 14 185 6 12 4
82 83 9 50 5 22 7
117 50 5 22 7 186 7
187 9 66 7 20 6 188 17 5 28 5 189 78 25 12 4
190 36 55 5 191 23 192 38 21 36
28 5 193 21 4
19 4 20 56 5 194 195 10 196 17 84 15 12 4
39 5 197 14 22 10 198 6 8 11 7
20 5 199 40 200 8 4
201 118 40 202 9 28 14 203 33 84 15 4
119 57 5 120 6 204 14 205 17 37 25 8 11 7
30 5 108 120 14 121 6 8 11 7
30 5 122 17 22 10 67 6 8 11 7
123 6 206 10 41 16 68 15 11 7
207 9 69 5 48 6 208 14 209 16 210 15 12 4
19 4 211 5 212 6 124 14 37 125 10 213 214 16 68 15 4 119 57 33 125 18 42 23 6 8 11 7
50 5 70 6 20 6 48 6 85 8 4
58 5 126 9 20 6 215 8 4 58 5 110 18 42 23 25 8 12 4
43 85 5 86 87 6 8 4 59 58 5 115 216 8 12 4
39 5 70 6 127 14 217 67 25 8 11 7
59 70 17 5 22 218 23 6 8 11 7
59 5 22 6 219 23 25 8 11 7
70 17 5 220 5 22 128 10 88 6 8 11 7 71 8 11 7
49 39 5 71 10 221 14 129 15 21 4 126 57 33 71 10 88 6 8 11 7
89 90 4 48 17 5 39 5 130 10 88 6 8 11 7 71 8 11 9 222 223 128 8 11 7
131 9 224 91 13 36 35 6 225 5 60 7
226 5 60 7
227 5 60 7
82 83 9 228 24 12 4
229 9 230 4 72 16 64 9 43 92 41 16 15 11 7
19 9 35 6 8 4 35 5 43 92 18 42 23 6 8 4
50 5 63 6 8 4
93 231 6 232 94 5 51 8 11 7 233 234 23 235 6 236 8 4
237 5 238 132 38 12 4 58 6 52 5 41 44 7
239 240 241 21 4 95 242 5 22 10 72 16 37 25 243 61 7
24 90 36 95 244 6 38 9 245 10 246 247 96 17 248 44 24 4
31 9 249 10 250 44 25 8 4
82 83 9 251 6 252 6 253 5 22 11 254 7
255 4 55 6 256 10 257 32 16 258 61 4
50 18 259 8 4 20 56 5 122 17 133 10 67 52 18 62 15 4 63 57 5 133 62 15 11 7
260 261 262 263 16 264 265 61 4 121 266 17 267 11 268 269 10 97 52 18 62 15 12 4
270 62 15 11 7
30 5 271 8 4 30 5 272 273 6 274 6 134 38 8 4
275 57 9 135 5 47 54 34 13 4
43 276 10 72 16 136 4 277 18 278 279 15 11 7
137 280 52 18 138 6 8 11 7
26 23 6 8 21 4
20 6 281 282 34 13 11 7
19 4 75 17 5 139 23 283 10 284 34 13 4 43 285 9 45 5 130 14 286 14 98 16 13 25 8 11 7
20 33 45 6 140 10 287 288 141 8 4
289 142 45 9 290 29 143 10 291 136 4
144 9 292 62 13 7 293 29 294 17 140 295 12 4
22 10 32 16 68 13 6 7
65 9 28 296 13 6 7 139 21 4
297 10 298 16 64 4
299 6 300 5 22 8 11 7
22 301 302 67 145 8 11 7
60 14 303 145 8 11 7
74 34 13 4 304 17 64 4
144 9 305 306 6 143 5 60 14 98 13 6 7
89 90 9 51 146 13 7
307 4 35 5 308 309 14 98 13 12 4 310 14 79 141 25 27 4
63 9 311 312 13 7
26 9 147 10 313 16 314 14 315 16 316 17 4
53 9 20 56 5 317 318 56 6 147 10 148 6 12 4
135 319 40 320 10 321 91 13 25 27 4 322 149 33 323 10 324 91 13 12 4
325 7 99 9 326 150 13 12 4
327 328 46 22 7
329 40 5 330 331 23 6 7
151 4 332 23 333 334 23 6 7
335 5 22 11 81 6 7
20 5 336 18 73 24 4
5 5 9 337 9 39 5 51 23 6 7
66 7
131 9 99 27 36
73 12 4 338 10 97 6 5 339 73 25 27 4 340 59 341 84 16 37 6 96 4 65 9 342 343 16 13 112 9 35 5 344 33 73 25 27 12 21 4
345 9 346 43 93 347 348 94 132 100 10 97 349 27 24 4
53 9 350 10 351 352 353 12 4 101 354 18 43 100 6 124 17 355 356 357 23 6 4
19 9 26 8 4
19 4 50 5 29 29 29 29 358 14 359 152 34 13 4
66 7 59 5 51 23 6 8 11 7
360 9 26 27 12 4 51 361 16 28 10 41 13 6 7
66 7 30 6 52 10 362 363 364 6 365 366 41 44 6 7
151 4 367 5 368 21 36
26 27 12 4 369 370 10 72 13 371 96 4 28 14 372 40 9 80 17 5 29 29 113 6 373 18 374 152 16 37 153 27 21 4
99 9 375 27 12 4 55 5 7
26 27 21 4 376 32 377 101 378 5 93 379 94 23 6 154 21 4
49 9 28 5 137 17 33 380 154 381 155 6 12 4
26 12 4 28 14 382 6 156 10 383 16 384 156 18 385 27 40 20 5 386 6 4
157 13 24 4 81 387 10 32 16 388 21 4
53 9 389 390 391 6 158 14 21 4 69 14 22 18 138 11 39 5 41 44 7
53 9 26 23 6 4 111 392 5 69 153 23 158 46 393 17 394 150 13 24 12 21 4
395 26 21 4
22 159 6 100 146 13 6 7
101 38 46 142 45 18 129 16 13 160 6 38 7
396 26 21 4
397 134 149 398 32 15
161 21 4 35 5 162 4 162 399 400 8 4
77 106 107 9 161 4
26 8 4 55 5 123 105 8 11 7
31 401 24 4 20 5 402 102 103 34 13 4
31 9 403 16 155 24 4 49 404 24 4
47 4
76 5 405 8 11 7
95 406 33 407 102 103 13 6 7
28 5 408 8 4
19 4 28 5 86 87 8 12 4
31 9 76 5 87 409 8 4
58 5 39 6 410 8 11 7
30 5 411 6 45 8 11 7
19 9 42 8 4 412 18 42 8 12 4
31 4 413 5 414 78 25 4 35 5 109 15 12 4
89 415 159 6 92 12 4 20 5 416 18 86 42 23 6 4
417 418 118 18 42 12 4 127 6 419 14 420 28 10 148 24 4
20 33 12 4 22 10 163 44 6 7
20 5 421 29 422 40 423 10 424 163 44 24 4
53 9 104 24 4
29 425 104 24 4 69 5 426 24 4
53 4 427 428 18 22 116 11 104 24 21 4
429 9 48 14 430 61 4
51 32 13 6 7
157 13 4 117 85 10 431 61 4
19 9 432 8 4 47 4
30 5 55 6 433 6 434 435 27 12 4 30 6 436 5 437 46 438 25 27 4
30 5 439 102 103 13 25 27 12 4
30 5 20 56 6 440 6 45 6 441 45 12 4
30 6 442 14 37 160 6 38 6 52 5 41 16 68 15 11 7
