164 9 165 82 18 4
33 5 166 7 4 167 5 168 41 169 41 102 41 170 41 171 7 4 103 55 69 172 173 174 70 23 175 24 176 19 4
25 5 177 83 55 7 10 8
104 9 84 178 20 21 4 83 9 25 5 84 179 17 6 8
25 5 105 71 72 12 6 7 10 8
180 181 7 10 8 4
30 17 22 7 10 9 106 182 183 6 184 7 10 8
103 73 9 42 5 25 6 185 7 11 4
26 9 74 4
42 5 186 17 107 7 19 43 42 5 108 7 10 8
75 5 187 188 7 10 8
109 24 5 189 7 11 4
76 190 9 110 4
111 191 7 19 4
25 5 192 112 14 193 85 6 7 10 8
194 34 195 6 7 10 8
35 8 196 6 197 14 113 56 85 6 8
25 5 198 13 57 7 10 8
84 58 59 16 18 10 8
199 4 200 77 23 201 14 77 9 28 23 202 14 36 203 204 4
26 4
26 74 4
73 5 78 205 14 114 16 27 18 10 8
35 7 10 8 29 206 207 14 114 16 60 22 7 10 8
115 14 86 16 18 10 8
116 9 208 209 117 27 37 12 19 4 210 9 211 118 14 212 16 4
42 11 4
45 37 12 4 118 14 213 61 46 43
42 5 62 6 119 20 11 4
214 9 87 11 4 28 5 62 6 215 69 62 216 70 20 11 4
62 5 120 8
47 4 38 119 69 217 70 5 218 44 11 4
219 63 9 62 24 220 20 11 19 8
35 8 28 5 221 19 4
33 5 222 223 23 224 14 225 18 11 4 25 5 120 7 10 8
35 8
116 9 88 226 22 7 19 4
26 4 31 5 227 15 228 24 27 18 4 89 229 15 5 88 6 230 231 13 232 18 4
79 9 64 31 5 233 15 5 234 15 90 18 4
235 56 9 236 237 9 28 23 238 23 239 14 39 16 27 18 4
240 23 241 121 59 16 18 4
122 8
45 48 22 4 242 31 5 243 6 49 58 91 48 22 4
38 244 5 50 7 10 8
51 5 65 245 7 19 4 29 246 17 22 7 10 8 51 5 247 7 10 8
35 7 10 8 8
26 9 248 39 18 4 249 13 87 6 7 4
78 5 250 36 92 7 19 4 28 23 9 251 34 87 22 7 11 4
66 24 5 252 7 253 9 123 24 5 254 7 19 4
33 80 5 124 125 14 91 18 4
26 4 51 6 109 5 255 256 7 4 51 5 78 105 24 93 14 39 16 27 18 4
257 9 124 125 7 11 4
67 6 258 15 40 21 11 4
259 6 260 15 40 261 44 4
25 6 262 15 263 68 21 11 4
264 4
265 9 28 5 266 7 19 4 25 6 7 10 8
33 5 89 267 6 268 55 13 57 7 11 4 28 5 50 6 67 17 6 7 10 8
126 15 34 111 67 59 16 18 10 8
104 9 269 121 59 68 21 4 33 65 57 17 6 4
79 9 270 44 21 4
127 5 271 272 273 274 6 275 94 17 128 129 14 52 16 27 18 4
130 131 5 115 14 276 16 60 6 132 8
106 277 52 61 46 4
133 5 278 20 11 4
279 4 77 34 280 68 4
26 9 53 18 4
75 5 50 7 10 8
79 9 281 44 7 4 31 5 50 7 10 8
282 4 283 53 37 12 4
284 9 285 48 22 11 4 30 20 9 38 286 15 5 88 6 66 128 129 13 40 22 7 11 4 90 61 46 43
26 9 53 18 4 33 80 5 38 287 13 134 24 9 288 6 81 13 289 16 27 18 4
135 23 135 6 136 7 19 4 137 6 136 5 290 49 13 53 48 22 4 291 17 6 7 4
138 15 108 13 40 292 9 65 293 37 12 43
95 9 294 295 20 21 11 4 138 58 113 16 37 12 19 4
38 137 5 139 15 34 140 16 44 21 4 64 25 80 23 66 6 296 14 297 21 4
47 4 65 298 21 4
141 299 300 61 46 19 9 83 55 4
142 143 16 43 9 9 9 301 21 9 90 61 46 4
302 14 303 16 27 12 6 11 4
47 4 144 9 304 305 306 24 307 12 6 11 4
45 37 12 4 26 9 74 4
308 7 4
36 309 7 4
310 15 40 311 6 145 7 4
47 82 18 4
312 313 314 15 140 12 21 4 315 15 316 146 6 4
317 12 21 4 64 147 12 21 4 148 6 318 14 319 46 23 39 12 22 20 320 9 53 321 12 21 4
322 30 19 4 28 58 34 323 146 21 4
95 9 47 82 18 4
324 14 325 6 7 10 8
45 37 12 4 64 326 13 45 48 22 4
327 6 328 15 5 329 13 40 63 59 16 12 8
28 5 149 96 17 6 11 4
330 6 150 6 96 63 49 4 149 96 5 331 23 332 21 4
36 81 6 333 13 334 17 335 14 85 22 20 11 4
30 4 64 336 17 337 20 11 4 338 36 97 151 17 22 20 4
40 11 4 339 13 36 97 23 9 340 13 36 97 4 341 5 133 14 342 17 343 24 344 6 152 4
345 9 54 5 346 13 98 11 4
54 5 9 9 9 99 13 98 10 17 4 52 347 34 44 17 4
348 9 99 20 11 349 43
350 9 32 5 99 13 98 63 153 12 11 19 43 8
47 9 351 4 33 5 352 13 134 17 6 9 353 25 6 67 5 65 354 12 21 4
35 8
38 107 34 141 355 81 356 357 100 12 6 7 10 8
358 154 100 12 359 17 6 7 10 8 38 67 15 154 100 12 155 13 360 16 27 18 10 8
30 17 6 7 19 4 89 92 15 5 9 66 6 361 5 362 24 363 364 12 6 7 4
365 27 130 131 9 32 5 93 366 15 367 39 16 60 22 20 11 19 8
32 6 368 6 369 13 32 6 49 14 156 16 157 12 6 152 4 31 13 123 15 27 12 370 15 9 31 5 54 15 93 14 156 16 157 16 371 20 11 4
372 36 155 373 10 17 4 78 24 5 31 5 374 66 6 69 375 6 70 145 15 376 11 4
377 15 378 9 379 9 9 9 380 5 148 381 382 6 158 17 6 8
383 5 384 52 12 8
95 9 385 10 6 158 5 386 387 39 12 21 4 142 151 388 389 19 4
390 391 63 392 393 394 53 44 395 4
28 5 30 20 19 4 396 6 92 6 150 15 9 397 39 16 398 49 13 399 17 22 20 11 19 8
400 401 8
32 5 402 15 403 13 40 6 8
127 6 404 6 29 405 10 5 406 56 9 91 56 9 407 5 408 14 409 56 410 411 11 4
32 6 153 68 49 5 412 11 4 54 80 6 413 13 414 15 415 16 60 22 20 4
54 5 144 416 94 17 159 14 52 12 11 4
417 55 6 418 58 6 159 20 11 4
30 30 4 51 5 419 24 420 421 23 422 14 423 16 424 12 425 94 426 20 11 4
76 4 33 5 427 101 7 4
101 11 4 102 41 428 41 429 41 430 11 4
110 431
76 9 432 7 4 25 5 433 7 11 19 8
434 71 72 12 6 7 10 8
147 12 11 4 32 5 8
35 8 26 74 4
42 5 435 7 4 436 71 72 12 6 7 4
79 9 75 5 437 7 4
42 5 29 7 10 8
122 8
75 5 29 7 10 8
160 13 101 7 4 51 5 438 13 439 7 4
26 30 7 4 160 13 440 73 7 4
32 5 441 13 57 7 10 8
35 8 112 5 442 18 10 8
32 5 443 15 29 14 86 16 60 6 8
444 445 13 57 17 6 8
446 13 447 12 11 4
448 77 23 449 14 29 450 10 86 68 11 4
29 10 161 13 162 132 8
29 451 6 161 13 162 6 8
29 10 126 15 5 8
38 452 14 52 16 4
143 16 4
453 117 454 4 455 15 456 39 457 4
76 9 458 73 4 459 5 460 461 462 7 10 8
163 463 5 50 7 10 8
31 5 139 71 72 12 6 7 10 8
163 464 6 81 5 50 7 10 8 54 5 31 14 465 48 22 4
45 37 12 4
